{
 "cells": [
  {
   "cell_type": "code",
   "execution_count": 6,
   "id": "65498b3b-7f3c-44b5-a3c5-d32747579c8b",
   "metadata": {},
   "outputs": [],
   "source": [
    "import pandas as pd\n",
    "import plotly.express as px\n",
    "import plotly.graph_objects as go\n",
    "pd.set_option('display.max_columns', None)\n",
    "\n",
    "data = pd.read_excel('nba_player_data.xlsx')"
   ]
  },
  {
   "cell_type": "markdown",
   "id": "85ed0d9f-a718-45cf-9c81-d0aba6d4c31b",
   "metadata": {},
   "source": [
    "# DATA CLEANING & ANALYSIS PREPARATION"
   ]
  },
  {
   "cell_type": "code",
   "execution_count": 8,
   "id": "0de5a978-45bc-4994-a4f0-6beaaa344743",
   "metadata": {},
   "outputs": [],
   "source": [
    "data.drop(columns=['RANK','EFF'],inplace=True) #removing unneeded columns"
   ]
  },
  {
   "cell_type": "code",
   "execution_count": 9,
   "id": "55a60021-8aeb-4d36-9cec-fa0bcc306786",
   "metadata": {},
   "outputs": [],
   "source": [
    "# data['season_start_year'] = data['Year'].str[:4].astype(int) #updating/clean up the year section and convert to int (from object)\n",
    "data['Year'] = data['Year'].str[:4].astype(int)\n",
    "# data.rename(columns={'Year':'Season Start Year'}, inplace=True)"
   ]
  },
  {
   "cell_type": "code",
   "execution_count": 10,
   "id": "aa6db4ea-b1fc-4c9d-bc19-cff20e00983f",
   "metadata": {},
   "outputs": [
    {
     "name": "stderr",
     "output_type": "stream",
     "text": [
      "C:\\Users\\Dean\\AppData\\Local\\Temp\\ipykernel_20860\\2557280986.py:1: FutureWarning: A value is trying to be set on a copy of a DataFrame or Series through chained assignment using an inplace method.\n",
      "The behavior will change in pandas 3.0. This inplace method will never work because the intermediate object on which we are setting values always behaves as a copy.\n",
      "\n",
      "For example, when doing 'df[col].method(value, inplace=True)', try using 'df.method({col: value}, inplace=True)' or df[col] = df[col].method(value) instead, to perform the operation inplace on the original object.\n",
      "\n",
      "\n",
      "  data['Season_type'].replace('Regular%20Season', 'RS', inplace=True)\n"
     ]
    }
   ],
   "source": [
    "data['Season_type'].replace('Regular%20Season', 'RS', inplace=True)"
   ]
  },
  {
   "cell_type": "code",
   "execution_count": 39,
   "id": "5f01dc88-1d9e-40c4-89f7-de85fa50c9de",
   "metadata": {},
   "outputs": [],
   "source": [
    "rs_df = data[data['Season_type']=='RS']\n",
    "playoffs_df = data[data['Season_type']=='Playoffs']"
   ]
  },
  {
   "cell_type": "code",
   "execution_count": 41,
   "id": "b655fa06-3d21-4998-9ef3-4f73f645da05",
   "metadata": {},
   "outputs": [
    {
     "data": {
      "text/plain": [
       "Index(['Year', 'Season_type', 'PLAYER_ID', 'PLAYER', 'TEAM_ID', 'TEAM', 'GP',\n",
       "       'MIN', 'FGM', 'FGA', 'FG_PCT', 'FG3M', 'FG3A', 'FG3_PCT', 'FTM', 'FTA',\n",
       "       'FT_PCT', 'OREB', 'DREB', 'REB', 'AST', 'STL', 'BLK', 'TOV', 'PTS'],\n",
       "      dtype='object')"
      ]
     },
     "execution_count": 41,
     "metadata": {},
     "output_type": "execute_result"
    }
   ],
   "source": [
    "data.columns"
   ]
  },
  {
   "cell_type": "code",
   "execution_count": 43,
   "id": "99fa3c37-a132-4bb3-941d-158b86bb8723",
   "metadata": {},
   "outputs": [],
   "source": [
    "total_cols = ['MIN', 'FGM', 'FGA', 'FG3M', 'FG3A', 'FTM', 'FTA',\n",
    "       'OREB', 'DREB', 'REB', 'AST', 'STL', 'BLK', 'TOV', 'PTS']"
   ]
  },
  {
   "cell_type": "markdown",
   "id": "63407d1b-f473-4e1e-a3f3-2634ccaffc1c",
   "metadata": {},
   "source": [
    "# Which player stats are correlated with each other"
   ]
  },
  {
   "cell_type": "code",
   "execution_count": 46,
   "id": "90623813-1e55-40ee-8f45-ae4a39387ccb",
   "metadata": {},
   "outputs": [
    {
     "data": {
      "application/vnd.plotly.v1+json": {
       "config": {
        "plotlyServerURL": "https://plot.ly"
       },
       "data": [
        {
         "coloraxis": "coloraxis",
         "hovertemplate": "x: %{x}<br>y: %{y}<br>color: %{z}<extra></extra>",
         "name": "0",
         "type": "heatmap",
         "x": [
          "Year",
          "MIN",
          "FGM",
          "FGA",
          "FG3M",
          "FG3A",
          "FTM",
          "FTA",
          "OREB",
          "DREB",
          "REB",
          "AST",
          "STL",
          "BLK",
          "TOV",
          "PTS",
          "FG%",
          "3PT%",
          "FT%",
          "FG3A%",
          "PTS/FGA",
          "FG3M/FGM",
          "FTA/FGA",
          "TRU%",
          "AST_TOV"
         ],
         "xaxis": "x",
         "y": [
          "Year",
          "MIN",
          "FGM",
          "FGA",
          "FG3M",
          "FG3A",
          "FTM",
          "FTA",
          "OREB",
          "DREB",
          "REB",
          "AST",
          "STL",
          "BLK",
          "TOV",
          "PTS",
          "FG%",
          "3PT%",
          "FT%",
          "FG3A%",
          "PTS/FGA",
          "FG3M/FGM",
          "FTA/FGA",
          "TRU%",
          "AST_TOV"
         ],
         "yaxis": "y",
         "z": [
          [
           1,
           0.054378541376159564,
           0.0786817847536509,
           0.02759831482210508,
           0.14095124145869825,
           0.14189029500096226,
           -0.03795255291668442,
           -0.06360436708094475,
           -0.003379898069406871,
           -0.01604739464485309,
           -0.01260289524480477,
           0.07394387980888197,
           -0.15879837776279102,
           -0.017323787986745998,
           -0.04411413423228763,
           0.06803996755081905,
           0.10673916670973671,
           0.053563194322619585,
           0.10695039887172159,
           0.14218289806386666,
           0.12425942439774722,
           0.11260873176363687,
           -0.11194962923794198,
           0.25506760064511447,
           0.19833882653232796
          ],
          [
           0.054378541376159564,
           1,
           0.5464379022721702,
           0.5307114659362059,
           0.13471822755881,
           0.1371742343013877,
           0.5033236004180914,
           0.4754316998495674,
           -0.11916724268482458,
           0.11778326858516665,
           0.03888574582837451,
           0.4105943383907889,
           0.22654511645337563,
           -0.0792069565853533,
           0.455327482325398,
           0.5712917976605507,
           0.07148575046980365,
           -0.0027111833293887153,
           0.17577121479299374,
           -0.1676010737527037,
           0.19301778739447614,
           -0.17648802377921521,
           0.21792829733493352,
           0.11142378026045026,
           0.11781362481491531
          ],
          [
           0.0786817847536509,
           0.5464379022721702,
           1,
           0.9196748087162546,
           0.1488276649898153,
           0.16414484347375008,
           0.7147561596461612,
           0.6960769884494408,
           0.0073425554295333765,
           0.2593847516681423,
           0.18693206692253933,
           0.42477608899001373,
           0.06908955645848633,
           0.009055155506578054,
           0.6439639009559547,
           0.9604970452318228,
           0.25001864720576333,
           -0.01846848994077676,
           0.19275813912084744,
           -0.39463306553670013,
           0.26130544402474015,
           -0.4170029750876856,
           0.24370276191888163,
           0.18785260777207297,
           -0.07465272912976562
          ],
          [
           0.02759831482210508,
           0.5307114659362059,
           0.9196748087162546,
           1,
           0.35879953420044064,
           0.4142871810935969,
           0.713787076011246,
           0.6462880471090746,
           -0.2294318873691355,
           0.06361254738486705,
           -0.04090493988416132,
           0.4852897043568672,
           0.12827367836662298,
           -0.19000717019155788,
           0.6741056751915665,
           0.9412596746319944,
           -0.13012204425404822,
           0.03480710037136173,
           0.35660654463317876,
           -0.16893569419690954,
           -0.02550925619741639,
           -0.1978798010943231,
           0.10587967433673913,
           -0.10633958010015544,
           -0.011738141305564732
          ],
          [
           0.14095124145869825,
           0.13471822755881,
           0.1488276649898153,
           0.35879953420044064,
           1,
           0.9693646502347074,
           0.052855621338606606,
           -0.07981981080030337,
           -0.6730282963785031,
           -0.4296761064448528,
           -0.5574109960692567,
           0.15564861815673686,
           0.056893580496602134,
           -0.45836148916197195,
           0.07357768470849556,
           0.2996443820729465,
           -0.530349834412312,
           0.5386380406302915,
           0.509285329166413,
           0.7842231977586672,
           -0.18736430813785962,
           0.7844673051491116,
           -0.3980025463078375,
           0.04439570268208738,
           0.18294868922473495
          ],
          [
           0.14189029500096226,
           0.1371742343013877,
           0.16414484347375008,
           0.4142871810935969,
           0.9693646502347074,
           1,
           0.1039732357998603,
           -0.02746305081454975,
           -0.6831664123194624,
           -0.420219438324956,
           -0.554513764029851,
           0.20002310499073803,
           0.09501759760513184,
           -0.4639109734303799,
           0.14168196955492993,
           0.321571322396448,
           -0.6212153642945616,
           0.4244023821358234,
           0.5093159182786043,
           0.7848377870130622,
           -0.27899460876356647,
           0.7521480603836432,
           -0.3782699885755996,
           -0.09985754991253311,
           0.17424385770464368
          ],
          [
           -0.03795255291668442,
           0.5033236004180914,
           0.7147561596461612,
           0.713787076011246,
           0.052855621338606606,
           0.1039732357998603,
           1,
           0.9628115775357189,
           -0.0026459418966660606,
           0.2538264175902387,
           0.17971754029562334,
           0.47265246728409827,
           0.15599243240255284,
           0.04131459322211406,
           0.7165932651507211,
           0.8372900464583646,
           0.07578538637527606,
           -0.11142413662835789,
           0.2552005854998471,
           -0.333994568637647,
           0.44158802015259285,
           -0.353778186472276,
           0.6550592939331812,
           0.13297448538979834,
           -0.06119404231729457
          ],
          [
           -0.06360436708094475,
           0.4754316998495674,
           0.6960769884494408,
           0.6462880471090746,
           -0.07981981080030337,
           -0.02746305081454975,
           0.9628115775357189,
           1,
           0.146429395304298,
           0.37886837744531304,
           0.32439650465337905,
           0.43072109991492485,
           0.14663699221857984,
           0.15631565132094374,
           0.713667793424703,
           0.7885261449759138,
           0.20669213368335018,
           -0.2089464227932128,
           0.02014001991759282,
           -0.4452474263066925,
           0.5115561941404903,
           -0.46207689272519836,
           0.7782525467706547,
           0.13791796924051908,
           -0.12710456684978177
          ],
          [
           -0.003379898069406871,
           -0.11916724268482458,
           0.0073425554295333765,
           -0.2294318873691355,
           -0.6730282963785031,
           -0.6831664123194624,
           -0.0026459418966660606,
           0.146429395304298,
           1,
           0.66475304259185,
           0.8477258264425033,
           -0.26553246345340153,
           -0.13518130668710043,
           0.5795541424453755,
           -0.024228833885099728,
           -0.11519468702767202,
           0.644404388827794,
           -0.45754776075663484,
           -0.5535609844620005,
           -0.6355364072262197,
           0.38446782796739293,
           -0.6111071380015611,
           0.42443352123375727,
           0.21061091715332272,
           -0.38039245744372097
          ],
          [
           -0.01604739464485309,
           0.11778326858516665,
           0.2593847516681423,
           0.06361254738486705,
           -0.4296761064448528,
           -0.420219438324956,
           0.2538264175902387,
           0.37886837744531304,
           0.66475304259185,
           1,
           0.9596846679326569,
           -0.02962155606756576,
           -0.07085734780269777,
           0.5484977461291619,
           0.26242218627745434,
           0.18823107580536508,
           0.504614061928522,
           -0.2806632739460462,
           -0.3751358628868556,
           -0.4930950559567853,
           0.4091701295010011,
           -0.4924332597656354,
           0.4625885549393891,
           0.21631600424980482,
           -0.3087542083979043
          ],
          [
           -0.01260289524480477,
           0.03888574582837451,
           0.18693206692253933,
           -0.04090493988416132,
           -0.5574109960692567,
           -0.554513764029851,
           0.17971754029562334,
           0.32439650465337905,
           0.8477258264425033,
           0.9596846679326569,
           1,
           -0.12111337472172372,
           -0.10131125749119778,
           0.6067921492213632,
           0.17690917091803968,
           0.09062139663743157,
           0.6001869584917785,
           -0.3684312032853712,
           -0.47356414576874406,
           -0.588369463061714,
           0.4354639809157719,
           -0.5787026175367724,
           0.4882780973420907,
           0.23317459142993877,
           -0.36225071410912574
          ],
          [
           0.07394387980888197,
           0.4105943383907889,
           0.42477608899001373,
           0.4852897043568672,
           0.15564861815673686,
           0.20002310499073803,
           0.47265246728409827,
           0.43072109991492485,
           -0.26553246345340153,
           -0.02962155606756576,
           -0.12111337472172372,
           1,
           0.38930023171861455,
           -0.2640431700395429,
           0.7309740926363059,
           0.4798832295418446,
           -0.1288038686857139,
           -0.002504776224051594,
           0.2045635819140767,
           -0.07598464464367409,
           0.023184072756695744,
           -0.1066219807838148,
           0.15874886088883491,
           -0.07653628429290635,
           0.6211513890799253
          ],
          [
           -0.15879837776279102,
           0.22654511645337563,
           0.06908955645848633,
           0.12827367836662298,
           0.056893580496602134,
           0.09501759760513184,
           0.15599243240255284,
           0.14663699221857984,
           -0.13518130668710043,
           -0.07085734780269777,
           -0.10131125749119778,
           0.38930023171861455,
           1,
           -0.07902723215689873,
           0.29187108744486373,
           0.10960023348679754,
           -0.16694401844090934,
           -0.04642944234096731,
           -0.009609471266521716,
           0.04338089606923454,
           -0.09506982211656215,
           0.021885234020598377,
           0.042333260892618726,
           -0.15780390586772594,
           0.24189719815117156
          ],
          [
           -0.017323787986745998,
           -0.0792069565853533,
           0.009055155506578054,
           -0.19000717019155788,
           -0.45836148916197195,
           -0.4639109734303799,
           0.04131459322211406,
           0.15631565132094374,
           0.5795541424453755,
           0.5484977461291619,
           0.6067921492213632,
           -0.2640431700395429,
           -0.07902723215689873,
           1,
           -0.036333587604984965,
           -0.061479539859358896,
           0.5225521157461106,
           -0.2096582727137717,
           -0.4119087757470381,
           -0.41030305816297014,
           0.3967559577782689,
           -0.41603464512303284,
           0.3764274431093777,
           0.2626881683024842,
           -0.3414220800292312
          ],
          [
           -0.04411413423228763,
           0.455327482325398,
           0.6439639009559547,
           0.6741056751915665,
           0.07357768470849556,
           0.14168196955492993,
           0.7165932651507211,
           0.713667793424703,
           -0.024228833885099728,
           0.26242218627745434,
           0.17690917091803968,
           0.7309740926363059,
           0.29187108744486373,
           -0.036333587604984965,
           1,
           0.6985815469937326,
           -0.007718229409545006,
           -0.13896611307876294,
           0.10149427637928637,
           -0.2827654641556756,
           0.15726156607239594,
           -0.3122185311017009,
           0.3925957856183222,
           -0.0679487168568191,
           -0.021091115179642076
          ],
          [
           0.06803996755081905,
           0.5712917976605507,
           0.9604970452318228,
           0.9412596746319944,
           0.2996443820729465,
           0.321571322396448,
           0.8372900464583646,
           0.7885261449759138,
           -0.11519468702767202,
           0.18823107580536508,
           0.09062139663743157,
           0.4798832295418446,
           0.10960023348679754,
           -0.061479539859358896,
           0.6985815469937326,
           1,
           0.10576570224948025,
           0.03961700958619367,
           0.30835977017495114,
           -0.24606062814113489,
           0.29511105579303415,
           -0.26814886051718073,
           0.31482517812275895,
           0.1838489191355571,
           -0.0396701249621745
          ],
          [
           0.10673916670973671,
           0.07148575046980365,
           0.25001864720576333,
           -0.13012204425404822,
           -0.530349834412312,
           -0.6212153642945616,
           0.07578538637527606,
           0.20669213368335018,
           0.644404388827794,
           0.504614061928522,
           0.6001869584917785,
           -0.1288038686857139,
           -0.16694401844090934,
           0.5225521157461106,
           -0.007718229409545006,
           0.10576570224948025,
           1,
           -0.22070107601320732,
           -0.4382201723498519,
           -0.662276294630853,
           0.7707093377126608,
           -0.6389770870642214,
           0.4535254489811442,
           0.7263485489622405,
           -0.20574246505292904
          ],
          [
           0.053563194322619585,
           -0.0027111833293887153,
           -0.01846848994077676,
           0.03480710037136173,
           0.5386380406302915,
           0.4244023821358234,
           -0.11142413662835789,
           -0.2089464227932128,
           -0.45754776075663484,
           -0.2806632739460462,
           -0.3684312032853712,
           -0.002504776224051594,
           -0.04642944234096731,
           -0.2096582727137717,
           -0.13896611307876294,
           0.03961700958619367,
           -0.22070107601320732,
           1,
           0.325086939915003,
           0.450815655936628,
           -0.05130881895256305,
           0.48645811101934266,
           -0.38148372510347184,
           0.19996998260695117,
           0.16425048403936943
          ],
          [
           0.10695039887172159,
           0.17577121479299374,
           0.19275813912084744,
           0.35660654463317876,
           0.509285329166413,
           0.5093159182786043,
           0.2552005854998471,
           0.02014001991759282,
           -0.5535609844620005,
           -0.3751358628868556,
           -0.47356414576874406,
           0.2045635819140767,
           -0.009609471266521716,
           -0.4119087757470381,
           0.10149427637928637,
           0.30835977017495114,
           -0.4382201723498519,
           0.325086939915003,
           1,
           0.36887008196233295,
           -0.14854339481633475,
           0.35822854115357783,
           -0.29182678960312236,
           0.01496591289212364,
           0.22833269070922088
          ],
          [
           0.14218289806386666,
           -0.1676010737527037,
           -0.39463306553670013,
           -0.16893569419690954,
           0.7842231977586672,
           0.7848377870130622,
           -0.333994568637647,
           -0.4452474263066925,
           -0.6355364072262197,
           -0.4930950559567853,
           -0.588369463061714,
           -0.07598464464367409,
           0.04338089606923454,
           -0.41030305816297014,
           -0.2827654641556756,
           -0.24606062814113489,
           -0.662276294630853,
           0.450815655936628,
           0.36887008196233295,
           1,
           -0.36212561543772864,
           0.9809651389275631,
           -0.5527034114876805,
           -0.08685198598575736,
           0.24327493365183483
          ],
          [
           0.12425942439774722,
           0.19301778739447614,
           0.26130544402474015,
           -0.02550925619741639,
           -0.18736430813785962,
           -0.27899460876356647,
           0.44158802015259285,
           0.5115561941404903,
           0.38446782796739293,
           0.4091701295010011,
           0.4354639809157719,
           0.023184072756695744,
           -0.09506982211656215,
           0.3967559577782689,
           0.15726156607239594,
           0.29511105579303415,
           0.7707093377126608,
           -0.05130881895256305,
           -0.14854339481633475,
           -0.36212561543772864,
           1,
           -0.33535590804893034,
           0.718498147573528,
           0.851543617504007,
           -0.130920813183318
          ],
          [
           0.11260873176363687,
           -0.17648802377921521,
           -0.4170029750876856,
           -0.1978798010943231,
           0.7844673051491116,
           0.7521480603836432,
           -0.353778186472276,
           -0.46207689272519836,
           -0.6111071380015611,
           -0.4924332597656354,
           -0.5787026175367724,
           -0.1066219807838148,
           0.021885234020598377,
           -0.41603464512303284,
           -0.3122185311017009,
           -0.26814886051718073,
           -0.6389770870642214,
           0.48645811101934266,
           0.35822854115357783,
           0.9809651389275631,
           -0.33535590804893034,
           1,
           -0.544619316399744,
           -0.05654778850559434,
           0.22581632781271335
          ],
          [
           -0.11194962923794198,
           0.21792829733493352,
           0.24370276191888163,
           0.10587967433673913,
           -0.3980025463078375,
           -0.3782699885755996,
           0.6550592939331812,
           0.7782525467706547,
           0.42443352123375727,
           0.4625885549393891,
           0.4882780973420907,
           0.15874886088883491,
           0.042333260892618726,
           0.3764274431093777,
           0.3925957856183222,
           0.31482517812275895,
           0.4535254489811442,
           -0.38148372510347184,
           -0.29182678960312236,
           -0.5527034114876805,
           0.718498147573528,
           -0.544619316399744,
           1,
           0.2501827780998772,
           -0.20461962734106232
          ],
          [
           0.25506760064511447,
           0.11142378026045026,
           0.18785260777207297,
           -0.10633958010015544,
           0.04439570268208738,
           -0.09985754991253311,
           0.13297448538979834,
           0.13791796924051908,
           0.21061091715332272,
           0.21631600424980482,
           0.23317459142993877,
           -0.07653628429290635,
           -0.15780390586772594,
           0.2626881683024842,
           -0.0679487168568191,
           0.1838489191355571,
           0.7263485489622405,
           0.19996998260695117,
           0.01496591289212364,
           -0.08685198598575736,
           0.851543617504007,
           -0.05654778850559434,
           0.2501827780998772,
           1,
           -0.021153950126009815
          ],
          [
           0.19833882653232796,
           0.11781362481491531,
           -0.07465272912976562,
           -0.011738141305564732,
           0.18294868922473495,
           0.17424385770464368,
           -0.06119404231729457,
           -0.12710456684978177,
           -0.38039245744372097,
           -0.3087542083979043,
           -0.36225071410912574,
           0.6211513890799253,
           0.24189719815117156,
           -0.3414220800292312,
           -0.021091115179642076,
           -0.0396701249621745,
           -0.20574246505292904,
           0.16425048403936943,
           0.22833269070922088,
           0.24327493365183483,
           -0.130920813183318,
           0.22581632781271335,
           -0.20461962734106232,
           -0.021153950126009815,
           1
          ]
         ]
        }
       ],
       "layout": {
        "autosize": true,
        "coloraxis": {
         "colorscale": [
          [
           0,
           "#0d0887"
          ],
          [
           0.1111111111111111,
           "#46039f"
          ],
          [
           0.2222222222222222,
           "#7201a8"
          ],
          [
           0.3333333333333333,
           "#9c179e"
          ],
          [
           0.4444444444444444,
           "#bd3786"
          ],
          [
           0.5555555555555556,
           "#d8576b"
          ],
          [
           0.6666666666666666,
           "#ed7953"
          ],
          [
           0.7777777777777778,
           "#fb9f3a"
          ],
          [
           0.8888888888888888,
           "#fdca26"
          ],
          [
           1,
           "#f0f921"
          ]
         ]
        },
        "margin": {
         "t": 60
        },
        "template": {
         "data": {
          "bar": [
           {
            "error_x": {
             "color": "#2a3f5f"
            },
            "error_y": {
             "color": "#2a3f5f"
            },
            "marker": {
             "line": {
              "color": "#E5ECF6",
              "width": 0.5
             },
             "pattern": {
              "fillmode": "overlay",
              "size": 10,
              "solidity": 0.2
             }
            },
            "type": "bar"
           }
          ],
          "barpolar": [
           {
            "marker": {
             "line": {
              "color": "#E5ECF6",
              "width": 0.5
             },
             "pattern": {
              "fillmode": "overlay",
              "size": 10,
              "solidity": 0.2
             }
            },
            "type": "barpolar"
           }
          ],
          "carpet": [
           {
            "aaxis": {
             "endlinecolor": "#2a3f5f",
             "gridcolor": "white",
             "linecolor": "white",
             "minorgridcolor": "white",
             "startlinecolor": "#2a3f5f"
            },
            "baxis": {
             "endlinecolor": "#2a3f5f",
             "gridcolor": "white",
             "linecolor": "white",
             "minorgridcolor": "white",
             "startlinecolor": "#2a3f5f"
            },
            "type": "carpet"
           }
          ],
          "choropleth": [
           {
            "colorbar": {
             "outlinewidth": 0,
             "ticks": ""
            },
            "type": "choropleth"
           }
          ],
          "contour": [
           {
            "colorbar": {
             "outlinewidth": 0,
             "ticks": ""
            },
            "colorscale": [
             [
              0,
              "#0d0887"
             ],
             [
              0.1111111111111111,
              "#46039f"
             ],
             [
              0.2222222222222222,
              "#7201a8"
             ],
             [
              0.3333333333333333,
              "#9c179e"
             ],
             [
              0.4444444444444444,
              "#bd3786"
             ],
             [
              0.5555555555555556,
              "#d8576b"
             ],
             [
              0.6666666666666666,
              "#ed7953"
             ],
             [
              0.7777777777777778,
              "#fb9f3a"
             ],
             [
              0.8888888888888888,
              "#fdca26"
             ],
             [
              1,
              "#f0f921"
             ]
            ],
            "type": "contour"
           }
          ],
          "contourcarpet": [
           {
            "colorbar": {
             "outlinewidth": 0,
             "ticks": ""
            },
            "type": "contourcarpet"
           }
          ],
          "heatmap": [
           {
            "colorbar": {
             "outlinewidth": 0,
             "ticks": ""
            },
            "colorscale": [
             [
              0,
              "#0d0887"
             ],
             [
              0.1111111111111111,
              "#46039f"
             ],
             [
              0.2222222222222222,
              "#7201a8"
             ],
             [
              0.3333333333333333,
              "#9c179e"
             ],
             [
              0.4444444444444444,
              "#bd3786"
             ],
             [
              0.5555555555555556,
              "#d8576b"
             ],
             [
              0.6666666666666666,
              "#ed7953"
             ],
             [
              0.7777777777777778,
              "#fb9f3a"
             ],
             [
              0.8888888888888888,
              "#fdca26"
             ],
             [
              1,
              "#f0f921"
             ]
            ],
            "type": "heatmap"
           }
          ],
          "heatmapgl": [
           {
            "colorbar": {
             "outlinewidth": 0,
             "ticks": ""
            },
            "colorscale": [
             [
              0,
              "#0d0887"
             ],
             [
              0.1111111111111111,
              "#46039f"
             ],
             [
              0.2222222222222222,
              "#7201a8"
             ],
             [
              0.3333333333333333,
              "#9c179e"
             ],
             [
              0.4444444444444444,
              "#bd3786"
             ],
             [
              0.5555555555555556,
              "#d8576b"
             ],
             [
              0.6666666666666666,
              "#ed7953"
             ],
             [
              0.7777777777777778,
              "#fb9f3a"
             ],
             [
              0.8888888888888888,
              "#fdca26"
             ],
             [
              1,
              "#f0f921"
             ]
            ],
            "type": "heatmapgl"
           }
          ],
          "histogram": [
           {
            "marker": {
             "pattern": {
              "fillmode": "overlay",
              "size": 10,
              "solidity": 0.2
             }
            },
            "type": "histogram"
           }
          ],
          "histogram2d": [
           {
            "colorbar": {
             "outlinewidth": 0,
             "ticks": ""
            },
            "colorscale": [
             [
              0,
              "#0d0887"
             ],
             [
              0.1111111111111111,
              "#46039f"
             ],
             [
              0.2222222222222222,
              "#7201a8"
             ],
             [
              0.3333333333333333,
              "#9c179e"
             ],
             [
              0.4444444444444444,
              "#bd3786"
             ],
             [
              0.5555555555555556,
              "#d8576b"
             ],
             [
              0.6666666666666666,
              "#ed7953"
             ],
             [
              0.7777777777777778,
              "#fb9f3a"
             ],
             [
              0.8888888888888888,
              "#fdca26"
             ],
             [
              1,
              "#f0f921"
             ]
            ],
            "type": "histogram2d"
           }
          ],
          "histogram2dcontour": [
           {
            "colorbar": {
             "outlinewidth": 0,
             "ticks": ""
            },
            "colorscale": [
             [
              0,
              "#0d0887"
             ],
             [
              0.1111111111111111,
              "#46039f"
             ],
             [
              0.2222222222222222,
              "#7201a8"
             ],
             [
              0.3333333333333333,
              "#9c179e"
             ],
             [
              0.4444444444444444,
              "#bd3786"
             ],
             [
              0.5555555555555556,
              "#d8576b"
             ],
             [
              0.6666666666666666,
              "#ed7953"
             ],
             [
              0.7777777777777778,
              "#fb9f3a"
             ],
             [
              0.8888888888888888,
              "#fdca26"
             ],
             [
              1,
              "#f0f921"
             ]
            ],
            "type": "histogram2dcontour"
           }
          ],
          "mesh3d": [
           {
            "colorbar": {
             "outlinewidth": 0,
             "ticks": ""
            },
            "type": "mesh3d"
           }
          ],
          "parcoords": [
           {
            "line": {
             "colorbar": {
              "outlinewidth": 0,
              "ticks": ""
             }
            },
            "type": "parcoords"
           }
          ],
          "pie": [
           {
            "automargin": true,
            "type": "pie"
           }
          ],
          "scatter": [
           {
            "fillpattern": {
             "fillmode": "overlay",
             "size": 10,
             "solidity": 0.2
            },
            "type": "scatter"
           }
          ],
          "scatter3d": [
           {
            "line": {
             "colorbar": {
              "outlinewidth": 0,
              "ticks": ""
             }
            },
            "marker": {
             "colorbar": {
              "outlinewidth": 0,
              "ticks": ""
             }
            },
            "type": "scatter3d"
           }
          ],
          "scattercarpet": [
           {
            "marker": {
             "colorbar": {
              "outlinewidth": 0,
              "ticks": ""
             }
            },
            "type": "scattercarpet"
           }
          ],
          "scattergeo": [
           {
            "marker": {
             "colorbar": {
              "outlinewidth": 0,
              "ticks": ""
             }
            },
            "type": "scattergeo"
           }
          ],
          "scattergl": [
           {
            "marker": {
             "colorbar": {
              "outlinewidth": 0,
              "ticks": ""
             }
            },
            "type": "scattergl"
           }
          ],
          "scattermapbox": [
           {
            "marker": {
             "colorbar": {
              "outlinewidth": 0,
              "ticks": ""
             }
            },
            "type": "scattermapbox"
           }
          ],
          "scatterpolar": [
           {
            "marker": {
             "colorbar": {
              "outlinewidth": 0,
              "ticks": ""
             }
            },
            "type": "scatterpolar"
           }
          ],
          "scatterpolargl": [
           {
            "marker": {
             "colorbar": {
              "outlinewidth": 0,
              "ticks": ""
             }
            },
            "type": "scatterpolargl"
           }
          ],
          "scatterternary": [
           {
            "marker": {
             "colorbar": {
              "outlinewidth": 0,
              "ticks": ""
             }
            },
            "type": "scatterternary"
           }
          ],
          "surface": [
           {
            "colorbar": {
             "outlinewidth": 0,
             "ticks": ""
            },
            "colorscale": [
             [
              0,
              "#0d0887"
             ],
             [
              0.1111111111111111,
              "#46039f"
             ],
             [
              0.2222222222222222,
              "#7201a8"
             ],
             [
              0.3333333333333333,
              "#9c179e"
             ],
             [
              0.4444444444444444,
              "#bd3786"
             ],
             [
              0.5555555555555556,
              "#d8576b"
             ],
             [
              0.6666666666666666,
              "#ed7953"
             ],
             [
              0.7777777777777778,
              "#fb9f3a"
             ],
             [
              0.8888888888888888,
              "#fdca26"
             ],
             [
              1,
              "#f0f921"
             ]
            ],
            "type": "surface"
           }
          ],
          "table": [
           {
            "cells": {
             "fill": {
              "color": "#EBF0F8"
             },
             "line": {
              "color": "white"
             }
            },
            "header": {
             "fill": {
              "color": "#C8D4E3"
             },
             "line": {
              "color": "white"
             }
            },
            "type": "table"
           }
          ]
         },
         "layout": {
          "annotationdefaults": {
           "arrowcolor": "#2a3f5f",
           "arrowhead": 0,
           "arrowwidth": 1
          },
          "autotypenumbers": "strict",
          "coloraxis": {
           "colorbar": {
            "outlinewidth": 0,
            "ticks": ""
           }
          },
          "colorscale": {
           "diverging": [
            [
             0,
             "#8e0152"
            ],
            [
             0.1,
             "#c51b7d"
            ],
            [
             0.2,
             "#de77ae"
            ],
            [
             0.3,
             "#f1b6da"
            ],
            [
             0.4,
             "#fde0ef"
            ],
            [
             0.5,
             "#f7f7f7"
            ],
            [
             0.6,
             "#e6f5d0"
            ],
            [
             0.7,
             "#b8e186"
            ],
            [
             0.8,
             "#7fbc41"
            ],
            [
             0.9,
             "#4d9221"
            ],
            [
             1,
             "#276419"
            ]
           ],
           "sequential": [
            [
             0,
             "#0d0887"
            ],
            [
             0.1111111111111111,
             "#46039f"
            ],
            [
             0.2222222222222222,
             "#7201a8"
            ],
            [
             0.3333333333333333,
             "#9c179e"
            ],
            [
             0.4444444444444444,
             "#bd3786"
            ],
            [
             0.5555555555555556,
             "#d8576b"
            ],
            [
             0.6666666666666666,
             "#ed7953"
